      0/31     2.38G   0.06842   0.01705         0   0.08547        14       640    0.1372    0.2276   0.08858   0.01768   0.07709   0.01415         0
      1/31     14.3G   0.05727   0.01381         0   0.07108         6       640    0.5045    0.4932    0.4635    0.1677   0.07418   0.01126         0
      2/31     14.2G   0.06127   0.01151         0   0.07278        16       640    0.4238    0.4986    0.4295    0.1553   0.07543  0.009951         0
      3/31     14.2G   0.05841   0.01078         0   0.06919         9       640    0.6537    0.4603    0.5132    0.2227   0.07201  0.009871         0
      4/31     14.2G   0.05605   0.01011         0   0.06616        26       640     0.422     0.393    0.3675    0.1471    0.0787  0.008945         0
      5/31     14.2G   0.05466   0.01037         0   0.06503         8       640    0.7486    0.5176    0.5875    0.2247   0.07437  0.007845         0
      6/31     14.2G   0.05204    0.0103         0   0.06234        17       640    0.7267     0.439    0.5235    0.1947   0.07358   0.00805         0
      7/31     14.2G   0.05325  0.009536         0   0.06279         6       640    0.7109    0.5149    0.5815    0.2401   0.06939  0.008282         0
      8/31     14.2G   0.05332  0.009782         0    0.0631        17       640    0.6555    0.5583    0.5803    0.2471   0.06867  0.008018         0
      9/31     14.2G   0.05449  0.009963         0   0.06445        22       640    0.4238    0.3468    0.3324     0.117   0.06818  0.008756         0
     10/31     14.2G    0.0525   0.01012         0   0.06262        11       640    0.4443    0.3767    0.3517     0.164   0.07099  0.008425         0
     11/31     14.2G    0.0505  0.009779         0   0.06028        14       640    0.5553     0.271    0.3013    0.1285    0.0719  0.008685         0
     12/31     14.3G   0.05341  0.009996         0   0.06341        17       640    0.4165    0.4336    0.3419    0.1345   0.07304  0.008884         0
     13/31     14.3G   0.05369  0.009542         0   0.06323         5       640     0.443    0.4526    0.3356    0.1446   0.06979  0.008551         0
     14/31     14.3G   0.05012  0.009914         0   0.06003        10       640    0.6454    0.4146    0.4697    0.2146   0.07168   0.00796         0
     15/31     14.3G   0.05019  0.009751         0   0.05995        26       640    0.7555    0.5285    0.5811    0.2833   0.06624  0.007928         0
     16/31     14.3G    0.0477  0.009399         0    0.0571        12       640    0.7497    0.6098    0.6592    0.3279   0.06043  0.007951         0
     17/31     14.3G   0.04956  0.009492         0   0.05905        14       640    0.7698    0.6233    0.6848    0.3271   0.06237  0.008011         0
     18/31     14.3G   0.04479  0.009195         0   0.05398        10       640    0.7451    0.6206    0.6632    0.3489   0.06321  0.007747         0
     19/31     14.3G   0.04528  0.009815         0   0.05509        16       640    0.7258    0.6311     0.678    0.3077   0.06301  0.008159         0
     20/31     14.3G   0.04394   0.00929         0   0.05323        14       640    0.7653     0.664    0.7059    0.3621   0.06397    0.0077         0
     21/31     14.3G   0.04323  0.009563         0   0.05279         6       640    0.8797     0.634    0.7544     0.378   0.06117  0.007526         0
     22/31     14.3G   0.04391  0.009202         0   0.05311        12       640    0.7226     0.664    0.7152    0.3068    0.0622  0.007613         0
     23/31     14.3G   0.04028  0.008955         0   0.04923         9       640    0.8659    0.6829    0.7658    0.3748   0.06077  0.007573         0
     24/31     14.3G   0.04133  0.009225         0   0.05056        15       640    0.8671    0.7073    0.7993     0.419   0.05892  0.007384         0
     25/31     14.3G   0.04165  0.009021         0   0.05067        13       640    0.9034    0.6883      0.79    0.4043   0.06063  0.007312         0
     26/31     14.3G    0.0409  0.008542         0   0.04944        11       640    0.8429    0.7317    0.8186    0.4372   0.05795  0.007442         0
     27/31     14.3G   0.03858  0.008753         0   0.04733        17       640    0.8564    0.7127    0.7908    0.4056   0.05852  0.007611         0
     28/31     14.3G   0.03706   0.00835         0   0.04541        14       640    0.8851    0.7344    0.8212     0.436    0.0575  0.007304         0
     29/31     14.3G   0.03775  0.009042         0   0.04679        21       640     0.876     0.729    0.8218    0.4336    0.0553  0.007357         0
     30/31     14.3G   0.03621  0.008406         0   0.04462        20       640    0.9233    0.7181    0.8386    0.4292   0.05519  0.007348         0
     31/31     14.3G   0.03726  0.008349         0   0.04561         6       640    0.8856    0.7343    0.8246    0.4591   0.05609  0.007355         0
